-35 1
-34 2
-29 1
-28 1
-27 1
-26 1
-24 2
-23 3
-22 2
-20 1
-18 1
-17 3
-16 2
-15 2
-14 1
-13 4
-12 3
-11 4
-10 1
-9 6
-8 5
-7 4
-6 3
-5 2
-4 9
-3 9
-2 9
-1 5
0 17
1 10
2 13
3 22
4 16
5 15
6 20
7 36
8 35
9 21
10 31
11 38
12 37
13 48
14 49
15 54
16 58
17 55
18 73
19 86
20 94
21 84
22 92
23 104
24 117
25 130
26 156
27 130
28 198
29 177
30 197
31 236
32 247
33 319
34 263
35 316
36 304
37 366
38 403
39 444
40 501
41 510
42 540
43 595
44 600
45 650
46 737
47 757
48 908
49 930
50 1063
51 1176
52 1345
53 1368
54 1429
55 1669
56 1869
57 2058
58 2065
59 2134
60 2424
61 2477
62 2799
63 2798
64 3294
65 3370
66 3524
67 3628
68 3775
69 3879
70 4251
71 4530
72 4887
73 4730
74 5349
75 5266
76 5723
77 5787
78 6127
79 6864
80 7328
81 7228
82 7663
83 9140
84 8913
85 9162
86 9185
87 9371
88 10025
89 9994
90 10405
91 10401
92 11528
93 12658
94 9961
95 12949
96 10406
97 11549
98 12829
99 12375
100 13517
101 14561
102 18070
103 15163
104 17288
105 14113
106 23217
107 27483
108 16068
109 21048
110 17538
111 18157
112 12469
113 14096
114 12287
115 12878
116 13760
117 11069
118 11391
119 10454
120 10371
121 12168
122 10997
123 12204
124 8832
125 10885
126 7658
127 10322
128 9648
129 8975
130 8744
131 6923
132 8469
133 7810
134 7172
135 5208
136 5379
137 5206
138 4267
139 4778
140 4118
141 4393
142 3830
143 3939
144 3272
145 3641
146 4199
147 2366
148 2343
149 2670
150 2924
151 1539
152 1646
153 1313
154 1320
155 1023
156 1131
157 1297
158 802
159 924
160 587
161 715
162 364
163 420
164 433
165 312
166 212
167 148
168 141
169 90
170 94
171 90
172 58
173 65
174 45
175 48
176 26
177 34
178 23
179 20
180 18
181 17
182 12
183 9
184 9
185 4
186 2
187 2
188 3
189 4
190 3
191 1
192 1
193 1
199 1
