-46 1
-40 1
-33 1
-32 1
-29 1
-25 1
-22 1
-19 3
-18 2
-17 1
-16 2
-15 2
-14 2
-13 1
-12 8
-11 2
-10 3
-9 5
-8 5
-7 9
-6 6
-5 10
-4 4
-3 10
-2 6
-1 5
0 5
1 9
2 8
3 19
4 14
5 13
6 21
7 11
8 26
9 20
10 33
11 17
12 35
13 34
14 38
15 29
16 48
17 55
18 68
19 67
20 55
21 66
22 76
23 73
24 118
25 102
26 100
27 119
28 132
29 156
30 166
31 171
32 167
33 200
34 207
35 246
36 265
37 255
38 326
39 310
40 339
41 391
42 398
43 430
44 437
45 501
46 553
47 580
48 669
49 623
50 699
51 751
52 909
53 937
54 975
55 1058
56 1290
57 1453
58 1363
59 1425
60 1565
61 1609
62 1826
63 1769
64 1989
65 2151
66 2235
67 2248
68 2379
69 2387
70 2628
71 2860
72 2987
73 2818
74 3071
75 3070
76 3243
77 3384
78 3410
79 3939
80 3928
81 3983
82 4104
83 4785
84 4445
85 4721
86 4546
87 4750
88 4759
89 4721
90 4916
91 4900
92 5237
93 4976
94 4720
95 5060
96 4576
97 4895
98 4942
99 5037
100 5007
101 4853
102 5754
103 4954
104 4750
105 4886
106 5734
107 5439
108 4758
109 5393
110 4418
111 4656
112 4062
113 4295
114 4200
115 4152
116 3603
117 3813
118 3778
119 3369
120 3248
121 3392
122 3150
123 3051
124 2822
125 2908
126 2651
127 2521
128 2412
129 2291
130 2115
131 1998
132 1965
133 1715
134 1611
135 1486
136 1403
137 1289
138 1120
139 1010
140 943
141 915
142 790
143 670
144 629
145 558
146 543
147 500
148 393
149 375
150 318
151 290
152 241
153 201
154 199
155 166
156 141
157 119
158 98
159 106
160 79
161 61
162 47
163 44
164 36
165 36
166 28
167 27
168 14
169 13
170 10
171 7
172 9
173 8
174 5
175 6
176 3
177 2
179 2
181 3
182 1
183 1
185 1
186 2
188 1
190 1
196 1
198 1
201 1
