-13 1
-10 1
-8 1
-7 1
-6 1
-5 1
-4 2
-3 1
-2 2
0 3
1 1
3 3
4 2
5 2
6 3
7 2
8 3
9 3
10 4
11 2
12 4
13 3
14 8
15 5
16 8
17 6
18 8
19 9
20 10
21 12
22 11
23 11
24 13
25 18
26 19
27 26
28 18
29 15
30 28
31 32
32 29
33 30
34 26
35 40
36 38
37 38
38 39
39 54
40 50
41 71
42 79
43 72
44 64
45 73
46 81
47 95
48 114
49 108
50 119
51 137
52 153
53 158
54 167
55 174
56 243
57 230
58 245
59 236
60 268
61 284
62 285
63 309
64 342
65 397
66 377
67 369
68 386
69 463
70 441
71 503
72 529
73 492
74 520
75 548
76 582
77 525
78 647
79 650
80 717
81 729
82 697
83 881
84 838
85 895
86 848
87 903
88 920
89 886
90 919
91 900
92 1037
93 939
94 882
95 992
96 855
97 947
98 975
99 983
100 983
101 983
102 1164
103 968
104 980
105 976
106 1247
107 1215
108 920
109 1186
110 886
111 941
112 784
113 885
114 817
115 851
116 729
117 760
118 747
119 677
120 648
121 723
122 609
123 600
124 615
125 611
126 530
127 548
128 515
129 458
130 448
131 400
132 474
133 430
134 382
135 324
136 323
137 280
138 225
139 240
140 243
141 206
142 173
143 148
144 144
145 152
146 103
147 92
148 79
149 86
150 72
151 60
152 55
153 47
154 45
155 45
156 34
157 33
158 32
159 32
160 13
161 18
162 11
163 8
164 13
165 6
166 7
167 5
168 2
169 1
170 3
171 4
172 3
173 3
174 3
176 2
177 1
178 2
179 1
180 1
181 1
182 1
184 1
187 1
