-57 1
-53 2
-41 1
-40 1
-39 1
-38 2
-37 1
-34 1
-33 2
-32 3
-31 1
-30 2
-29 2
-28 2
-27 2
-26 2
-24 4
-23 9
-22 3
-21 4
-20 4
-19 5
-18 6
-17 11
-16 8
-15 9
-14 10
-13 23
-12 21
-11 25
-10 23
-9 19
-8 24
-7 33
-6 34
-5 29
-4 28
-3 30
-2 47
-1 42
0 45
1 68
2 86
3 68
4 71
5 102
6 112
7 141
8 141
9 211
10 180
11 261
12 219
13 252
14 251
15 286
16 372
17 338
18 428
19 392
20 436
21 458
22 576
23 549
24 689
25 582
26 725
27 697
28 787
29 777
30 916
31 918
32 1258
33 1012
34 1341
35 1469
36 1404
37 1527
38 1671
39 1591
40 1564
41 1919
42 1961
43 1801
44 2347
45 2329
46 2494
47 3764
48 2092
49 3227
50 4013
51 5566
52 4825
53 3071
54 3550
55 9619
56 11925
57 2815
58 12889
59 5857
60 13135
61 8699
62 8556
63 5323
64 5454
65 6509
66 2171
67 3269
68 7762
69 2811
70 8163
71 5327
72 4964
73 2780
74 5757
75 1871
76 6232
77 2742
78 3311
79 3144
80 2084
81 2010
82 4573
83 1926
84 2227
85 2416
86 2066
87 1404
88 5043
89 1449
90 1867
91 1438
92 2196
93 1633
94 1564
95 3908
96 1020
97 1058
98 840
99 1586
100 667
101 1032
102 563
103 756
104 392
105 859
106 361
107 322
108 586
109 695
110 951
111 114
112 441
113 139
114 40
115 55
116 29
117 24
118 22
119 28
120 17
121 16
122 16
123 17
124 18
125 4
126 12
127 2
128 6
129 1
130 5
131 2
132 1
133 2
134 1
136 1
137 2
143 1
