-70 1
-50 1
-47 1
-46 1
-45 2
-41 1
-39 1
-38 1
-34 1
-33 2
-32 2
-31 6
-30 2
-29 3
-28 3
-27 5
-26 6
-25 5
-24 5
-23 9
-22 9
-21 8
-20 13
-19 10
-18 12
-17 19
-16 7
-15 13
-14 12
-13 24
-12 19
-11 31
-10 34
-9 23
-8 17
-7 51
-6 41
-5 60
-4 44
-3 47
-2 53
-1 77
0 88
1 76
2 89
3 109
4 104
5 145
6 156
7 171
8 226
9 283
10 266
11 418
12 253
13 366
14 329
15 356
16 496
17 502
18 668
19 548
20 546
21 668
22 716
23 758
24 893
25 727
26 1039
27 926
28 1112
29 1059
30 1075
31 1292
32 1702
33 1303
34 1809
35 1762
36 1903
37 2045
38 2357
39 2117
40 2172
41 2438
42 2659
43 2371
44 3264
45 2902
46 3212
47 4641
48 2838
49 3761
50 4984
51 7465
52 5857
53 3960
54 4390
55 10934
56 13860
57 3248
58 14361
59 6743
60 15730
61 9143
62 10055
63 6381
64 6625
65 7058
66 2803
67 3787
68 7308
69 3299
70 8532
71 4856
72 4319
73 3488
74 6406
75 2407
76 5780
77 2733
78 3881
79 3011
80 2550
81 2561
82 5406
83 2384
84 2553
85 2744
86 2606
87 1734
88 5236
89 1721
90 2073
91 1618
92 2281
93 1766
94 1606
95 2809
96 1204
97 1180
98 940
99 1698
100 711
101 976
102 534
103 774
104 429
105 736
106 363
107 321
108 533
109 556
110 678
111 115
112 372
113 103
114 52
115 54
116 25
117 19
118 26
119 24
120 12
121 18
122 27
123 14
124 14
125 7
126 5
127 8
128 4
129 3
130 8
131 3
132 1
133 1
135 1
138 1
