-38 1
-37 1
-36 1
-32 2
-31 1
-30 1
-29 1
-28 3
-26 2
-24 2
-23 3
-22 1
-21 2
-20 1
-19 1
-18 2
-17 6
-16 3
-15 6
-14 8
-13 5
-12 7
-11 4
-10 6
-9 11
-8 7
-7 6
-6 11
-5 15
-4 11
-3 14
-2 17
-1 20
0 25
1 27
2 25
3 20
4 31
5 46
6 39
7 55
8 71
9 64
10 83
11 133
12 81
13 111
14 114
15 111
16 146
17 157
18 201
19 177
20 181
21 211
22 233
23 269
24 286
25 242
26 288
27 310
28 374
29 365
30 371
31 440
32 552
33 444
34 680
35 695
36 580
37 691
38 700
39 737
40 738
41 821
42 962
43 846
44 1174
45 1297
46 1419
47 2196
48 1026
49 1772
50 2242
51 2730
52 2394
53 1619
54 2194
55 5889
56 7135
57 1769
58 8077
59 3764
60 7328
61 6664
62 5254
63 3124
64 3053
65 4592
66 1426
67 2297
68 7823
69 2150
70 6311
71 6374
72 6726
73 1681
74 3733
75 1361
76 9117
77 4128
78 2427
79 4424
80 1369
81 1054
82 2634
83 1497
84 1449
85 2127
86 976
87 716
88 3716
89 1046
90 999
91 1114
92 1871
93 1062
94 1207
95 15455
96 558
97 771
98 502
99 1150
100 406
101 717
102 481
103 455
104 279
105 965
106 324
107 226
108 613
109 1095
110 1420
111 70
112 636
113 228
114 18
115 22
116 12
117 22
118 16
119 12
120 14
121 11
122 10
123 9
124 12
125 5
126 5
127 2
128 5
129 3
130 9
131 1
132 5
133 2
134 2
135 3
138 4
141 1
142 1
147 1
